1 27
2 31
3 81
4 42
5 66
6 65
7 7
8 7
9 85
10 53
11 75
12 50
13 49
14 44
15 62
16 27
17 37
18 18
19 53
20 59
21 56
22 20
23 6
24 8
25 99
26 9
27 65
28 92
29 46
30 92
31 18
32 54
33 91
34 35
35 23
36 5
37 63
38 45
39 53
40 74
41 86
42 68
43 54
44 53
45 61
46 16
47 78
48 43
49 64
50 38
51 24
52 40
53 91
54 5
55 58
56 94
57 92
58 17
59 59
60 43
61 15
62 24
63 86
64 35
65 65
66 5
67 98
68 33
69 15
70 36
71 23
72 92
73 90
74 12
75 49
76 92
77 85
78 82
79 12
80 52
81 92
82 98
83 58
84 85
85 81
86 5
87 25
88 50
89 84
90 92
91 56
92 17
93 30
94 49
95 43
96 1
97 56
98 41
99 40
100 28
101 13
102 68
103 52
104 29
105 96
106 52
107 19
108 71
109 58
110 14
111 84
112 69
113 1
114 95
115 19
116 38
117 88
118 38
119 93
120 45
121 6
122 57
123 65
124 0
125 81
126 40
127 97
128 17
129 19
130 79
131 57
132 36
133 72
134 61
135 76
136 98
137 85
138 99
139 23
140 55
141 77
142 14
143 73
144 2
145 34
146 44
147 55
148 49
149 36
150 49
151 24
152 85
153 69
154 72
155 51
156 48
157 79
158 9
159 30
160 82
161 70
162 42
163 13
164 63
165 43
166 39
167 12
168 84
169 62
170 26
171 48
172 34
173 75
174 50
175 25
176 56
177 19
178 8
179 4
180 79
181 94
182 65
183 92
184 97
185 96
186 41
187 7
188 60
189 33
190 40
191 65
192 85
193 66
194 18
195 43
196 70
197 35
198 7
199 1
200 71
201 4
202 31
203 80
204 32
205 7
206 61
207 94
208 40
209 93
210 71
211 86
212 49
213 21
214 69
215 84
216 90
217 45
218 77
219 30
220 52
221 8
222 84
223 71
224 31
225 29
226 72
227 52
228 82
229 6
230 97
231 100
232 93
233 77
234 66
235 77
236 45
237 14
238 55
239 64
240 76
241 47
242 91
243 89
244 25
245 5
246 70
247 44
248 67
249 92
250 78
251 81
252 99
253 47
254 48
255 53
256 87
257 11
258 71
259 32
260 32
261 71
262 37
263 88
264 20
265 50
266 36
267 67
268 25
269 3
270 66
271 3
272 49
273 77
274 45
275 37
276 1
277 58
278 46
279 47
280 8
281 12
282 37
283 40
284 20
285 77
286 36
287 7
288 12
289 40
290 30
291 30
292 5
293 81
294 98
295 37
296 34
297 8
298 78
299 21
300 72
301 62
302 40
303 84
304 25
305 69
306 31
307 2
308 17
309 69
310 88
311 17
312 22
313 75
314 38
315 98
316 63
317 3
318 51
319 11
320 93
321 30
322 59
323 23
324 98
325 10
326 18
327 56
328 78
329 13
330 78
331 39
332 69
333 1
334 93
335 98
336 20
337 25
338 22
339 6
340 15
341 43
342 25
343 47
344 7
345 18
346 81
347 62
348 22
349 45
350 20
351 90
352 63
353 56
354 53
355 14
356 7
357 19
358 49
359 2
360 63
361 45
362 23
363 48
364 75
365 75
366 79
367 45
368 74
369 82
370 42
371 22
372 64
373 36
374 45
375 45
376 99
377 4
378 86
379 51
380 47
381 16
382 100
383 45
384 10
385 28
386 15
387 65
388 50
389 31
390 55
391 54
392 80
393 40
394 39
395 15
396 77
397 30
398 40
399 3
400 50
401 34
402 71
403 12
404 21
405 57
406 59
407 86
408 42
409 64
410 81
411 99
412 93
413 41
414 56
415 87
416 44
417 27
418 96
419 20
420 97
421 55
422 95
423 95
424 100
425 13
426 53
427 28
428 64
429 81
430 70
431 88
432 61
433 92
434 71
435 35
436 5
437 96
438 91
439 93
440 91
441 33
442 37
443 9
444 39
445 25
446 83
447 3
448 54
449 24
450 20
451 70
452 21
453 65
454 29
455 45
456 43
457 8
458 26
459 52
460 85
461 82
462 74
463 15
464 87
465 0
466 48
467 8
468 60
469 83
470 93
471 84
472 78
473 96
474 20
475 32
476 58
477 56
478 42
479 19
480 37
481 50
482 36
483 72
484 58
485 86
486 42
487 61
488 100
489 2
490 83
491 99
492 44
493 39
494 58
495 73
496 1
497 6
498 14
499 91
500 62
501 58
502 83
503 52
504 46
505 79
506 98
507 54
508 33
509 89
510 65
511 49
512 86
513 82
514 64
515 0
516 96
517 88
518 32
519 32
520 49
521 32
522 81
523 51
524 51
525 71
526 79
527 50
528 58
529 75
530 18
531 71
532 60
533 99
534 7
535 41
536 58
537 70
538 74
539 8
540 52
541 16
542 53
543 58
544 58
545 43
546 88
547 43
548 43
549 89
550 93
551 42
552 41
553 81
554 23
555 62
556 84
557 32
558 38
559 28
560 46
561 1
562 65
563 77
564 62
565 9
566 25
567 31
568 17
569 5
570 98
571 54
572 73
573 0
574 33
575 32
576 21
577 18
578 69
579 100
580 49
581 32
582 3
583 24
584 29
585 35
586 6
587 84
588 10
589 47
590 32
591 70
592 24
593 42
594 98
595 96
596 76
597 61
598 20
599 94
600 4
601 79
602 25
603 65
604 44
605 84
606 89
607 8
608 92
609 35
610 72
611 85
612 82
613 74
614 39
615 87
616 79
617 39
618 32
619 97
620 27
621 20
622 44
623 71
624 55
625 58
626 91
627 70
628 26
629 5
630 89
631 78
632 97
633 16
634 0
635 59
636 40
637 21
638 98
639 58
640 9
641 84
642 68
643 85
644 21
645 63
646 33
647 79
648 4
649 73
650 90
651 97
652 77
653 26
654 64
655 33
656 69
657 10
658 95
659 14
660 82
661 77
662 10
663 83
664 18
665 20
666 47
667 93
668 26
669 73
670 24
671 100
672 52
673 0
674 2
675 86
676 96
677 17
678 41
679 94
680 90
681 45
682 19
683 76
684 58
685 30
686 28
687 84
688 77
689 52
690 80
691 44
692 83
693 34
694 21
695 0
696 79
697 36
698 64
699 68
700 36
701 43
702 88
703 76
704 78
705 66
706 41
707 100
708 88
709 80
710 3
711 62
712 8
713 83
714 93
715 59
716 86
717 56
718 8
719 50
720 40
721 7
722 67
723 12
724 28
725 59
726 83
727 45
728 20
729 44
730 24
731 72
732 66
733 88
734 2
735 36
736 80
737 23
738 13
739 41
740 100
741 74
742 3
743 95
744 16
745 89
746 43
747 23
748 65
749 65
750 22
751 28
752 29
753 35
754 33
755 18
756 7
757 3
758 82
759 35
760 55
761 53
762 9
763 88
764 99
765 71
766 25
767 4
768 76
769 59
770 22
771 6
772 90
773 49
774 62
775 63
776 6
777 8
778 41
779 18
780 39
781 97
782 38
783 33
784 66
785 53
786 94
787 32
788 92
789 13
790 75
791 24
792 54
793 63
794 31
795 62
796 100
797 99
798 54
799 46
800 78
801 22
802 4
803 95
804 61
805 20
806 72
807 3
808 50
809 95
810 58
811 52
812 29
813 63
814 80
815 45
816 6
817 25
818 53
819 81
820 86
821 3
822 30
823 46
824 34
825 4
826 52
827 19
828 71
829 99
830 85
831 25
832 76
833 94
834 91
835 17
836 45
837 100
838 92
839 60
840 43
841 87
842 56
843 1
844 28
845 54
846 87
847 92
848 19
849 77
850 20
851 60
852 67
853 98
854 88
855 97
856 86
857 97
858 93
859 88
860 96
861 67
862 22
863 92
864 41
865 82
866 11
867 43
868 63
869 10
870 96
871 97
872 31
873 98
874 91
875 0
876 42
877 85
878 33
879 38
880 22
881 19
882 95
883 38
884 25
885 30
886 24
887 81
888 52
889 34
890 55
891 66
892 92
893 84
894 88
895 69
896 25
897 19
898 35
899 82
900 51
901 55
902 39
903 41
904 85
905 73
906 64
907 99
908 67
909 41
910 40
911 40
912 58
913 27
914 69
915 27
916 41
917 88
918 17
919 64
920 71
921 73
922 41
923 52
924 2
925 64
926 26
927 88
928 74
929 21
930 32
931 73
932 2
933 20
934 91
935 87
936 97
937 20
938 25
939 70
940 71
941 0
942 79
943 91
944 16
945 34
946 93
947 78
948 67
949 85
950 69
951 92
952 16
953 68
954 91
955 30
956 62
957 22
958 66
959 16
960 54
961 68
962 23
963 97
964 26
965 59
966 30
967 30
968 64
969 48
970 27
971 35
972 34
973 53
974 20
975 29
976 56
977 4
978 97
979 86
980 11
981 71
982 53
983 3
984 31
985 25
986 2
987 81
988 76
989 81
990 78
991 54
992 72
993 24
994 60
995 36
996 20
997 61
998 36
999 49
1000 99
1001 11
1002 47
1003 98
1004 75
1005 70
1006 4
1007 20
1008 16
1009 66
1010 14
1011 62
1012 30
1013 20
1014 22
1015 71
1016 5
1017 50
1018 67
1019 59
1020 5
1021 73
1022 27
1023 40
1024 11
1025 90
1026 1
1027 41
1028 11
1029 31
1030 26
1031 70
1032 2
1033 12
1034 75
1035 3
1036 45
1037 60
1038 56
1039 32
1040 85
1041 1
1042 26
1043 100
1044 95
1045 79
1046 45
1047 15
1048 54
1049 10
1050 8
1051 76
1052 63
1053 57
1054 38
1055 61
1056 95
1057 9
1058 95
1059 20
1060 27
1061 53
1062 3
1063 98
1064 59
1065 26
1066 95
1067 40
1068 22
1069 31
1070 65
1071 11
1072 16
1073 89
1074 50
1075 35
1076 45
1077 70
1078 45
1079 39
1080 28
1081 62
1082 55
1083 69
1084 25
1085 73
1086 59
1087 82
1088 67
1089 2
1090 36
1091 98
1092 39
1093 48
1094 95
1095 85
1096 32
1097 2
1098 23
1099 27
1100 78
1101 55
1102 81
1103 98
1104 4
1105 61
1106 3
1107 78
1108 56
1109 100
1110 41
1111 34
1112 17
1113 63
1114 84
1115 75
1116 33
1117 85
1118 64
1119 15
1120 68
1121 18
1122 69
1123 22
1124 94
1125 6
1126 29
1127 65
1128 78
1129 9
1130 41
1131 80
1132 60
1133 90
1134 33
1135 23
1136 19
1137 100
1138 55
1139 4
1140 73
1141 99
1142 51
1143 75
1144 77
1145 91
1146 62
1147 49
1148 13
1149 83
1150 84
1151 55
1152 72
1153 69
1154 73
1155 44
1156 93
1157 87
1158 85
1159 62
1160 77
1161 18
1162 60
1163 56
1164 46
1165 54
1166 24
1167 100
1168 86
1169 89
1170 6
1171 96
1172 57
1173 9
1174 77
1175 48
1176 66
1177 53
1178 4
1179 69
1180 21
1181 92
1182 75
1183 43
1184 65
1185 69
1186 85
1187 27
1188 86
1189 41
1190 85
1191 50
1192 44
1193 88
1194 39
1195 87
1196 13
1197 25
1198 21
1199 42
1200 90
1201 59
1202 20
1203 57
1204 13
1205 82
1206 33
1207 100
1208 2
1209 75
1210 17
1211 15
1212 59
1213 51
1214 18
1215 57
1216 97
1217 64
1218 79
1219 8
1220 91
1221 91
1222 78
1223 82
1224 22
1225 95
1226 88
1227 58
1228 43
1229 5
1230 65
1231 88
1232 46
1233 13
1234 36
1235 51
1236 64
1237 64
1238 57
1239 91
1240 64
1241 14
1242 9
1243 38
1244 98
1245 25
1246 67
1247 52
1248 25
1249 89
1250 32
1251 90
1252 31
1253 25
1254 51
1255 0
1256 1
1257 50
1258 4
1259 85
1260 28
1261 88
1262 4
1263 26
1264 73
1265 76
1266 56
1267 55
1268 73
1269 87
1270 16
1271 49
1272 97
1273 46
1274 26
1275 1
1276 99
1277 26
1278 85
1279 47
1280 47
1281 38
1282 0
1283 80
1284 88
1285 13
1286 79
1287 30
1288 37
1289 79
1290 92
1291 82
1292 68
1293 81
1294 87
1295 79
1296 13
1297 99
1298 73
1299 61
1300 37
1301 72
1302 76
1303 62
1304 68
1305 3
1306 60
1307 86
1308 52
1309 69
1310 18
1311 25
1312 52
1313 97
1314 55
1315 97
1316 41
1317 20
1318 42
1319 58
1320 25
1321 8
1322 32
1323 90
1324 73
1325 71
1326 47
1327 60
1328 32
1329 68
1330 54
1331 30
1332 94
1333 100
1334 38
1335 88
1336 56
1337 99
1338 63
1339 81
1340 92
1341 2
1342 70
1343 20
1344 96
1345 22
1346 3
1347 30
1348 89
1349 10
1350 12
1351 32
1352 52
1353 60
1354 79
1355 96
1356 58
1357 73
1358 57
1359 79
1360 34
1361 73
1362 2
1363 37
1364 86
1365 88
1366 78
1367 85
1368 0
1369 56
1370 53
1371 49
1372 54
1373 14
1374 25
1375 12
1376 84
1377 90
1378 1
1379 42
1380 42
1381 39
1382 52
1383 12
1384 29
1385 10
1386 52
1387 24
1388 51
1389 23
1390 13
1391 62
1392 72
1393 19
1394 83
1395 59
1396 82
1397 76
1398 81
1399 6
1400 26
1401 63
1402 78
1403 42
1404 4
1405 50
1406 84
1407 50
1408 91
1409 9
1410 93
1411 50
1412 3
1413 91
1414 26
1415 89
1416 91
1417 85
1418 89
1419 3
1420 83
1421 98
1422 72
1423 3
1424 51
1425 0
1426 63
1427 99
1428 84
1429 32
1430 2
1431 71
1432 48
1433 40
1434 5
1435 63
1436 96
1437 90
1438 10
1439 42
1440 82
1441 18
1442 13
1443 72
1444 44
1445 13
1446 37
1447 76
1448 77
1449 23
1450 60
1451 60
1452 87
1453 83
1454 69
1455 14
1456 41
1457 15
1458 61
1459 15
1460 79
1461 3
1462 81
1463 58
1464 5
1465 21
1466 54
1467 1
1468 96
1469 96
1470 55
1471 19
1472 60
1473 88
1474 19
1475 67
1476 95
1477 41
1478 2
1479 51
1480 40
1481 44
1482 27
1483 18
1484 66
1485 2
1486 98
1487 3
1488 66
1489 66
1490 98
1491 40
1492 40
1493 4
1494 8
1495 86
1496 32
1497 91
1498 0
1499 19
1500 88
1501 99
1502 25
1503 18
1504 39
1505 92
1506 84
1507 81
1508 31
1509 42
1510 49
1511 26
1512 80
1513 37
1514 72
1515 77
1516 70
1517 52
1518 89
1519 23
1520 56
1521 98
1522 72
1523 18
1524 4
1525 91
1526 6
1527 47
1528 84
1529 75
1530 44
1531 50
1532 1
1533 10
1534 7
1535 0
1536 40
1537 51
1538 88
1539 0
1540 2
1541 40
1542 32
1543 35
1544 67
1545 83
1546 36
1547 88
1548 19
1549 5
1550 31
1551 7
1552 6
1553 19
1554 87
1555 96
1556 17
1557 83
1558 20
1559 86
1560 9
1561 20
1562 56
1563 23
1564 23
1565 68
1566 92
1567 27
1568 62
1569 59
1570 56
1571 56
1572 58
1573 100
1574 89
1575 61
1576 60
1577 20
1578 83
1579 34
1580 82
1581 60
1582 84
1583 26
1584 10
1585 84
1586 35
1587 100
1588 88
1589 71
1590 65
1591 25
1592 71
1593 47
1594 32
1595 45
1596 12
1597 76
1598 15
1599 32
1600 73
1601 30
1602 63
1603 49
1604 3
1605 19
1606 55
1607 94
1608 59
1609 36
1610 20
1611 38
1612 37
1613 97
1614 26
1615 54
1616 79
1617 2
1618 73
1619 61
1620 23
1621 96
1622 11
1623 93
1624 89
1625 7
1626 12
1627 87
1628 27
1629 90
1630 63
1631 62
1632 88
1633 62
1634 19
1635 51
1636 7
1637 99
1638 5
1639 85
1640 28
1641 19
1642 79
1643 68
1644 70
1645 20
1646 71
1647 87
1648 20
1649 24
1650 76
1651 79
1652 93
1653 9
1654 12
1655 40
1656 100
1657 85
1658 56
1659 35
1660 20
1661 7
1662 99
1663 88
1664 49
1665 75
1666 94
1667 33
1668 94
1669 43
1670 17
1671 84
1672 26
1673 63
1674 7
1675 60
1676 19
1677 4
1678 38
1679 27
1680 65
1681 67
1682 37
1683 11
1684 33
1685 33
1686 48
1687 64
1688 71
1689 22
1690 43
1691 80
1692 79
1693 92
1694 2
1695 61
1696 78
1697 18
1698 32
1699 39
1700 90
1701 14
1702 59
1703 84
1704 5
1705 47
1706 43
1707 80
1708 0
1709 61
1710 75
1711 43
1712 81
1713 83
1714 28
1715 86
1716 16
1717 82
1718 55
1719 0
1720 24
1721 10
1722 57
1723 35
1724 27
1725 0
1726 33
1727 50
1728 42
1729 16
1730 44
1731 37
1732 35
1733 11
1734 45
1735 72
1736 71
1737 85
1738 16
1739 35
1740 59
1741 67
1742 86
1743 65
1744 71
1745 97
1746 80
1747 88
1748 98
1749 38
1750 48
1751 20
1752 33
1753 42
1754 31
1755 16
1756 2
1757 34
1758 65
1759 32
1760 25
1761 69
1762 72
1763 42
1764 76
1765 46
1766 85
1767 2
1768 91
1769 5
1770 4
1771 6
1772 22
1773 85
1774 57
1775 45
1776 63
1777 67
1778 3
1779 86
1780 66
1781 10
1782 61
1783 42
1784 79
1785 70
1786 30
1787 80
1788 57
1789 57
1790 40
1791 92
1792 1
1793 5
1794 4
1795 37
1796 26
1797 78
1798 42
1799 47
1800 1
1801 59
1802 75
1803 100
1804 11
1805 54
1806 44
1807 97
1808 21
1809 55
1810 24
1811 35
1812 93
1813 32
1814 49
1815 18
1816 20
1817 36
1818 38
1819 11
1820 33
1821 31
1822 27
1823 90
1824 80
1825 19
1826 95
1827 78
1828 89
1829 81
1830 54
1831 99
1832 18
1833 51
1834 1
1835 64
1836 60
1837 30
1838 28
1839 87
1840 4
1841 82
1842 92
1843 64
1844 83
1845 15
1846 24
1847 86
1848 29
1849 43
1850 16
1851 39
1852 12
1853 71
1854 6
1855 51
1856 53
1857 16
1858 56
1859 76
1860 85
1861 98
1862 35
1863 88
1864 6
1865 21
1866 46
1867 77
1868 14
1869 60
1870 2
1871 14
1872 36
1873 72
1874 71
1875 81
1876 13
1877 56
1878 39
1879 81
1880 39
1881 40
1882 17
1883 33
1884 97
1885 88
1886 30
1887 52
1888 92
1889 24
1890 79
1891 12
1892 1
1893 62
1894 3
1895 48
1896 43
1897 28
1898 20
1899 30
1900 14
1901 1
1902 76
1903 31
1904 79
1905 37
1906 4
1907 41
1908 75
1909 18
1910 14
1911 66
1912 8
1913 33
1914 53
1915 49
1916 28
1917 2
1918 29
1919 45
1920 48
1921 99
1922 87
1923 71
1924 64
1925 80
1926 71
1927 38
1928 96
1929 74
1930 70
1931 16
1932 24
1933 54
1934 35
1935 49
1936 28
1937 52
1938 41
1939 12
1940 47
1941 46
1942 71
1943 6
1944 4
1945 65
1946 72
1947 42
1948 27
1949 75
1950 50
1951 92
1952 66
1953 88
1954 38
1955 18
1956 20
1957 78
1958 49
1959 63
1960 29
1961 7
1962 44
1963 66
1964 56
1965 82
1966 40
1967 4
1968 21
1969 94
1970 77
1971 91
1972 39
1973 51
1974 24
1975 48
1976 14
1977 50
1978 26
1979 81
1980 53
1981 89
1982 64
1983 70
1984 57
1985 84
1986 8
1987 66
1988 70
1989 11
1990 75
1991 65
1992 27
1993 95
1994 96
1995 43
1996 78
1997 31
1998 17
1999 95
2000 16
2001 39
2002 96
2003 28
2004 91
2005 86
2006 46
2007 74
2008 81
2009 47
2010 57
2011 4
2012 96
2013 53
2014 41
2015 70
2016 83
2017 96
2018 50
2019 50
2020 77
2021 27
2022 70
2023 78
2024 45
2025 34
2026 58
2027 51
2028 30
2029 74
2030 66
2031 81
2032 6
2033 3
2034 75
2035 91
2036 26
2037 24
2038 35
2039 68
2040 37
2041 8
2042 41
2043 69
2044 20
2045 1
2046 50
2047 85
2048 29
2049 22
2050 21
2051 23
2052 56
2053 72
2054 8
2055 13
2056 98
2057 41
2058 65
2059 49
2060 87
2061 62
2062 94
2063 21
2064 25
2065 27
2066 98
2067 2
2068 17
2069 9
2070 46
2071 39
2072 11
2073 43
2074 75
2075 38
2076 92
2077 93
2078 68
2079 58
2080 17
2081 23
2082 71
2083 51
2084 34
2085 85
2086 94
2087 91
2088 56
2089 20
2090 44
2091 99
2092 62
2093 60
2094 94
2095 31
2096 28
2097 85
2098 35
2099 13
2100 92
2101 68
2102 28
2103 46
2104 43
2105 19
2106 72
2107 84
2108 33
2109 66
2110 44
2111 41
2112 94
2113 1
2114 95
2115 99
2116 42
2117 33
2118 96
2119 5
2120 51
2121 93
2122 26
2123 2
2124 89
2125 83
2126 27
2127 38
2128 5
2129 12
2130 50
2131 32
2132 80
2133 4
2134 31
2135 24
2136 19
2137 99
2138 66
2139 11
2140 28
2141 86
2142 40
2143 62
2144 96
2145 53
2146 36
2147 15
2148 23
2149 63
2150 57
2151 92
2152 72
2153 13
2154 89
2155 47
2156 99
2157 58
2158 69
2159 73
2160 44
2161 91
2162 67
2163 80
2164 27
2165 94
2166 29
2167 61
2168 52
2169 42
2170 24
2171 17
2172 16
2173 54
2174 43
2175 56
2176 99
2177 1
2178 73
2179 53
2180 24
2181 76
2182 86
2183 86
2184 55
2185 51
2186 33
2187 6
2188 98
2189 79
2190 62
2191 3
2192 52
2193 47
2194 31
2195 49
2196 52
2197 47
2198 81
2199 30
2200 46
2201 15
2202 5
2203 25
2204 54
2205 73
2206 65
2207 10
2208 89
2209 5
2210 45
2211 76
2212 94
2213 81
2214 62
2215 93
2216 15
2217 24
2218 75
2219 54
2220 64
2221 79
2222 31
2223 89
2224 63
2225 82
2226 61
2227 76
2228 46
2229 90
2230 44
2231 91
2232 31
2233 43
2234 28
2235 28
2236 84
2237 48
2238 89
2239 12
2240 59
2241 23
2242 24
2243 74
2244 65
2245 43
2246 47
2247 21
2248 52
2249 7
2250 79
2251 77
2252 34
2253 29
2254 16
2255 24
2256 58
2257 15
2258 42
2259 37
2260 31
2261 37
2262 56
2263 34
2264 72
2265 84
2266 32
2267 19
2268 80
2269 45
2270 9
2271 64
2272 24
2273 64
2274 32
2275 97
2276 90
2277 50
2278 15
2279 15
2280 42
2281 56
2282 88
2283 44
2284 48
2285 98
2286 69
2287 97
2288 43
2289 54
2290 30
2291 67
2292 41
2293 64
2294 28
2295 58
2296 14
2297 68
2298 77
2299 7
2300 3
2301 63
2302 92
2303 26
2304 37
2305 48
2306 93
2307 94
2308 62
2309 86
2310 98
2311 11
2312 54
2313 50
2314 4
2315 14
2316 14
2317 5
2318 79
2319 73
2320 4
2321 24
2322 5
2323 42
2324 2
2325 94
2326 38
2327 36
2328 40
2329 16
2330 8
2331 83
2332 99
2333 29
2334 82
2335 96
2336 75
2337 47
2338 54
2339 96
2340 5
2341 1
2342 18
2343 27
2344 27
2345 20
2346 66
2347 30
2348 89
2349 39
2350 36
2351 24
2352 79
2353 82
2354 64
2355 82
2356 11
2357 6
2358 32
2359 40
2360 11
2361 53
2362 11
2363 25
2364 89
2365 93
2366 39
2367 5
2368 48
2369 19
2370 91
2371 96
2372 32
2373 62
2374 5
2375 68
2376 49
2377 28
2378 14
2379 91
2380 85
2381 57
2382 69
2383 0
2384 55
2385 59
2386 23
2387 47
2388 7
2389 61
2390 85
2391 15
2392 71
2393 4
2394 28
2395 53
2396 23
2397 30
2398 35
2399 68
2400 66
2401 40
2402 45
2403 39
2404 85
2405 79
2406 65
2407 49
2408 28
2409 7
2410 83
2411 7
2412 19
2413 8
2414 63
2415 89
2416 86
2417 62
2418 18
2419 85
2420 62
2421 13
2422 25
2423 15
2424 99
2425 89
2426 26
2427 74
2428 8
2429 41
2430 38
2431 99
2432 99
2433 30
2434 19
2435 1
2436 75
2437 23
2438 18
2439 48
2440 58
2441 28
2442 51
2443 52
2444 93
2445 56
2446 29
2447 22
2448 35
2449 84
2450 17
2451 84
2452 33
2453 72
2454 79
2455 71
2456 9
2457 49
2458 99
2459 78
2460 56
2461 19
2462 2
2463 50
2464 14
2465 60
2466 6
2467 57
2468 77
2469 14
2470 11
2471 49
2472 65
2473 87
2474 91
2475 20
2476 22
2477 42
2478 48
2479 73
2480 15
2481 67
2482 38
2483 18
2484 93
2485 29
2486 57
2487 5
2488 87
2489 54
2490 6
2491 11
2492 77
2493 58
2494 78
2495 55
2496 2
2497 56
2498 47
2499 52
2500 65
2501 70
2502 18
2503 16
2504 14
2505 0
2506 20
2507 68
2508 27
2509 37
2510 25
2511 45
2512 51
2513 70
2514 89
2515 50
2516 74
2517 13
2518 79
2519 81
2520 20
2521 40
2522 71
2523 36
2524 99
2525 44
2526 70
2527 50
2528 3
2529 49
2530 72
2531 1
2532 70
2533 61
2534 66
2535 5
2536 94
2537 3
2538 5
2539 62
2540 43
2541 90
2542 80
2543 38
2544 26
2545 38
2546 81
2547 35
2548 10
2549 20
2550 96
2551 46
2552 66
2553 95
2554 3
2555 29
2556 62
2557 90
2558 66
2559 94
2560 23
2561 3
2562 61
2563 23
2564 85
2565 68
2566 53
2567 19
2568 84
2569 32
2570 4
2571 86
2572 48
2573 74
2574 55
2575 86
2576 84
2577 81
2578 60
2579 76
2580 49
2581 17
2582 66
2583 89
2584 16
2585 91
2586 7
2587 78
2588 10
2589 31
2590 68
2591 51
2592 5
2593 13
2594 98
2595 3
2596 58
2597 53
2598 73
2599 28
2600 46
2601 71
2602 22
2603 92
2604 50
2605 89
2606 9
2607 12
2608 12
2609 50
2610 35
2611 90
2612 55
2613 6
2614 92
2615 45
2616 90
2617 78
2618 89
2619 41
2620 33
2621 87
2622 90
2623 8
2624 74
2625 3
2626 43
2627 0
2628 11
2629 2
2630 62
2631 66
2632 10
2633 60
2634 11
2635 76
2636 90
2637 15
2638 26
2639 93
2640 40
2641 46
2642 90
2643 3
2644 23
2645 15
2646 0
2647 29
2648 7
2649 36
2650 46
2651 37
2652 92
2653 42
2654 40
2655 2
2656 46
2657 4
2658 63
2659 73
2660 41
2661 87
2662 82
2663 97
2664 67
2665 90
2666 71
2667 32
2668 47
2669 44
2670 14
2671 69
2672 3
2673 40
2674 13
2675 77
2676 35
2677 9
2678 1
2679 50
2680 47
2681 63
2682 69
2683 96
2684 3
2685 8
2686 15
2687 4
2688 62
2689 49
2690 25
2691 4
2692 85
2693 99
2694 79
2695 70
2696 61
2697 39
2698 81
2699 41
2700 66
2701 18
2702 38
2703 40
2704 46
2705 84
2706 43
2707 65
2708 14
2709 97
2710 18
2711 3
2712 35
2713 45
2714 6
2715 62
2716 90
2717 35
2718 62
2719 33
2720 42
2721 30
2722 80
2723 38
2724 69
2725 98
2726 52
2727 22
2728 32
2729 17
2730 91
2731 55
2732 1
2733 94
2734 3
2735 34
2736 80
2737 41
2738 63
2739 39
2740 92
2741 4
2742 88
2743 26
2744 36
2745 72
2746 30
2747 51
2748 87
2749 94
2750 29
2751 88
2752 1
2753 72
2754 32
2755 32
2756 80
2757 40
2758 42
2759 85
2760 11
2761 7
2762 75
2763 95
2764 12
2765 91
2766 12
2767 79
2768 6
2769 68
2770 78
2771 99
2772 19
2773 3
2774 68
2775 32
2776 80
2777 38
2778 71
2779 34
2780 75
2781 27
2782 89
2783 4
2784 33
2785 30
2786 70
2787 55
2788 16
2789 37
2790 32
2791 81
2792 54
2793 56
2794 10
2795 40
2796 16
2797 85
2798 52
2799 26
2800 13
2801 92
2802 82
2803 42
2804 44
2805 59
2806 5
2807 53
2808 47
2809 53
2810 65
2811 55
2812 6
2813 0
2814 84
2815 20
2816 99
2817 79
2818 51
2819 91
2820 38
2821 37
2822 43
2823 69
2824 97
2825 8
2826 22
2827 41
2828 88
2829 46
2830 78
2831 79
2832 62
2833 17
2834 17
2835 38
2836 24
2837 58
2838 43
2839 72
2840 41
2841 44
2842 70
2843 56
2844 81
2845 76
2846 82
2847 44
2848 22
2849 67
2850 2
2851 51
2852 3
2853 27
2854 24
2855 86
2856 54
2857 61
2858 69
2859 47
2860 60
2861 100
2862 70
2863 73
2864 99
2865 10
2866 60
2867 71
2868 21
2869 2
2870 62
2871 51
2872 46
2873 71
2874 3
2875 8
2876 66
2877 23
2878 66
2879 84
2880 82
2881 88
2882 7
2883 91
2884 77
2885 47
2886 21
2887 31
2888 92
2889 22
2890 27
2891 92
2892 70
2893 78
2894 11
2895 36
2896 3
2897 49
2898 61
2899 36
2900 69
2901 1
2902 45
2903 1
2904 26
2905 38
2906 31
2907 52
2908 33
2909 99
2910 98
2911 45
2912 4
2913 82
2914 100
2915 36
2916 48
2917 78
2918 21
2919 70
2920 87
2921 93
2922 97
2923 11
2924 80
2925 99
2926 77
2927 90
2928 51
2929 4
2930 66
2931 90
2932 44
2933 3
2934 70
2935 55
2936 53
2937 42
2938 8
2939 16
2940 57
2941 79
2942 98
2943 65
2944 43
2945 4
2946 46
2947 40
2948 51
2949 78
2950 23
2951 73
2952 64
2953 18
2954 32
2955 52
2956 86
2957 58
2958 56
2959 79
2960 27
2961 38
2962 33
2963 55
2964 40
2965 11
2966 13
2967 64
2968 94
2969 35
2970 28
2971 26
2972 68
2973 67
2974 55
2975 4
2976 84
2977 92
2978 18
2979 99
2980 69
2981 21
2982 39
2983 32
2984 29
2985 4
2986 87
2987 35
2988 99
2989 65
2990 95
2991 63
2992 66
2993 81
2994 90
2995 28
2996 97
2997 94
2998 79
2999 30
3000 79
