output
231 100
382 100
424 100
488 100
579 100
671 100
707 100
740 100
796 100
837 100
1043 100
1109 100
1137 100
1167 100
1207 100
1333 100
1573 100
1587 100
1656 100
1803 100
2861 100
2914 100
25 99
138 99
252 99
376 99
411 99
491 99
533 99
764 99
797 99
829 99
907 99
1000 99
1141 99
1276 99
1297 99
1337 99
1427 99
1501 99
1637 99
1662 99
1831 99
1921 99
2091 99
2115 99
2137 99
2156 99
2176 99
2332 99
2424 99
2431 99
2432 99
2458 99
2524 99
2693 99
2771 99
2816 99
2864 99
2909 99
2925 99
2979 99
2988 99
67 98
82 98
136 98
294 98
315 98
324 98
335 98
506 98
570 98
594 98
638 98
853 98
873 98
1003 98
1063 98
1091 98
1103 98
1244 98
1421 98
1486 98
1490 98
1521 98
1748 98
1861 98
2056 98
2066 98
2188 98
2285 98
2310 98
2594 98
2725 98
2910 98
2942 98
127 97
184 97
230 97
420 97
619 97
632 97
651 97
781 97
855 97
857 97
871 97
936 97
963 97
978 97
1216 97
1272 97
1313 97
1315 97
1613 97
1745 97
1807 97
1884 97
2275 97
2287 97
2663 97
2709 97
2824 97
2922 97
2996 97
105 96
185 96
418 96
437 96
473 96
516 96
595 96
676 96
860 96
870 96
1171 96
1344 96
1355 96
1436 96
1468 96
1469 96
1555 96
1621 96
1928 96
1994 96
2002 96
2012 96
2017 96
2118 96
2144 96
2335 96
2339 96
2371 96
2550 96
2683 96
114 95
422 95
423 95
658 95
743 95
803 95
809 95
882 95
1044 95
1056 95
1058 95
1066 95
1094 95
1225 95
1476 95
1826 95
1993 95
1999 95
2114 95
2553 95
2763 95
2990 95
56 94
181 94
207 94
599 94
679 94
786 94
833 94
1124 94
1332 94
1607 94
1666 94
1668 94
1969 94
2062 94
2086 94
2094 94
2112 94
2165 94
2212 94
2307 94
2325 94
2536 94
2559 94
2733 94
2749 94
2968 94
2997 94
119 93
209 93
232 93
320 93
334 93
412 93
439 93
470 93
550 93
667 93
714 93
858 93
946 93
1156 93
1410 93
1623 93
1652 93
1812 93
2077 93
2121 93
2215 93
2306 93
2365 93
2444 93
2484 93
2639 93
2921 93
28 92
30 92
57 92
72 92
76 92
81 92
90 92
183 92
249 92
433 92
608 92
788 92
838 92
847 92
863 92
892 92
951 92
1181 92
1290 92
1340 92
1505 92
1566 92
1693 92
1791 92
1842 92
1888 92
1951 92
2076 92
2100 92
2151 92
2302 92
2603 92
2614 92
2652 92
2740 92
2801 92
2888 92
2891 92
2977 92
33 91
53 91
242 91
438 91
440 91
499 91
626 91
834 91
874 91
934 91
943 91
954 91
1145 91
1220 91
1221 91
1239 91
1408 91
1413 91
1416 91
1497 91
1525 91
1768 91
1971 91
2004 91
2035 91
2087 91
2161 91
2231 91
2370 91
2379 91
2474 91
2585 91
2730 91
2765 91
2819 91
2883 91
73 90
216 90
351 90
650 90
680 90
772 90
1025 90
1133 90
1200 90
1251 90
1323 90
1377 90
1437 90
1629 90
1700 90
1823 90
2229 90
2276 90
2541 90
2557 90
2611 90
2616 90
2622 90
2636 90
2642 90
2665 90
2716 90
2927 90
2931 90
2994 90
243 89
509 89
549 89
606 89
630 89
745 89
1073 89
1169 89
1249 89
1348 89
1415 89
1418 89
1518 89
1574 89
1624 89
1828 89
1981 89
2124 89
2154 89
2208 89
2223 89
2238 89
2348 89
2364 89
2415 89
2425 89
2514 89
2583 89
2605 89
2618 89
2782 89
117 88
263 88
310 88
431 88
517 88
546 88
702 88
708 88
733 88
763 88
854 88
859 88
894 88
917 88
927 88
1193 88
1226 88
1231 88
1261 88
1284 88
1335 88
1365 88
1473 88
1500 88
1538 88
1547 88
1588 88
1632 88
1663 88
1747 88
1863 88
1885 88
1953 88
2282 88
2742 88
2751 88
2828 88
2881 88
256 87
415 87
464 87
615 87
841 87
846 87
935 87
1157 87
1195 87
1269 87
1294 87
1452 87
1554 87
1627 87
1647 87
1839 87
1922 87
2060 87
2473 87
2488 87
2621 87
2661 87
2748 87
2920 87
2986 87
41 86
63 86
211 86
378 86
407 86
485 86
512 86
675 86
716 86
820 86
856 86
979 86
1168 86
1188 86
1307 86
1364 86
1495 86
1559 86
1715 86
1742 86
1779 86
1847 86
2005 86
2141 86
2182 86
2183 86
2309 86
2416 86
2571 86
2575 86
2855 86
2956 86
9 85
77 85
84 85
137 85
152 85
192 85
460 85
611 85
643 85
830 85
877 85
904 85
949 85
1040 85
1095 85
1117 85
1158 85
1186 85
1190 85
1259 85
1278 85
1367 85
1417 85
1639 85
1657 85
1737 85
1766 85
1773 85
1860 85
2047 85
2085 85
2097 85
2380 85
2390 85
2404 85
2419 85
2564 85
2692 85
2759 85
2797 85
89 84
111 84
168 84
215 84
222 84
303 84
471 84
556 84
587 84
605 84
641 84
687 84
893 84
1114 84
1150 84
1376 84
1406 84
1428 84
1506 84
1528 84
1582 84
1585 84
1671 84
1703 84
1985 84
2107 84
2236 84
2265 84
2449 84
2451 84
2568 84
2576 84
2705 84
2814 84
2879 84
2976 84
446 83
469 83
490 83
502 83
663 83
692 83
713 83
726 83
1149 83
1394 83
1420 83
1453 83
1545 83
1557 83
1578 83
1713 83
1844 83
2016 83
2125 83
2331 83
2410 83
78 82
160 82
228 82
369 82
461 82
513 82
612 82
660 82
758 82
865 82
899 82
1087 82
1205 82
1223 82
1291 82
1396 82
1440 82
1580 82
1717 82
1841 82
1965 82
2225 82
2334 82
2353 82
2355 82
2662 82
2802 82
2846 82
2880 82
2913 82
3 81
85 81
125 81
251 81
293 81
346 81
410 81
429 81
522 81
553 81
819 81
887 81
987 81
989 81
1102 81
1293 81
1339 81
1398 81
1462 81
1507 81
1712 81
1829 81
1875 81
1879 81
1979 81
2008 81
2031 81
2198 81
2213 81
2519 81
2546 81
2577 81
2698 81
2791 81
2844 81
2993 81
203 80
392 80
690 80
709 80
736 80
814 80
1131 80
1283 80
1512 80
1691 80
1707 80
1746 80
1787 80
1824 80
1925 80
2132 80
2163 80
2268 80
2542 80
2722 80
2736 80
2756 80
2776 80
2924 80
130 79
157 79
180 79
366 79
505 79
526 79
601 79
616 79
647 79
696 79
942 79
1045 79
1218 79
1286 79
1289 79
1295 79
1354 79
1359 79
1460 79
1616 79
1642 79
1651 79
1692 79
1784 79
1890 79
1904 79
2189 79
2221 79
2250 79
2318 79
2352 79
2405 79
2454 79
2518 79
2694 79
2767 79
2817 79
2831 79
2941 79
2959 79
2998 79
3000 79
47 78
250 78
298 78
328 78
330 78
472 78
631 78
704 78
800 78
947 78
990 78
1100 78
1107 78
1128 78
1222 78
1366 78
1402 78
1696 78
1797 78
1827 78
1957 78
1996 78
2023 78
2459 78
2494 78
2587 78
2617 78
2770 78
2830 78
2893 78
2917 78
2949 78
141 77
218 77
233 77
235 77
273 77
285 77
396 77
563 77
652 77
661 77
688 77
849 77
1144 77
1160 77
1174 77
1448 77
1515 77
1867 77
1970 77
2020 77
2251 77
2298 77
2468 77
2492 77
2675 77
2884 77
2926 77
135 76
240 76
596 76
683 76
703 76
768 76
832 76
988 76
1051 76
1265 76
1302 76
1397 76
1447 76
1597 76
1650 76
1764 76
1859 76
1902 76
2181 76
2211 76
2227 76
2579 76
2635 76
2845 76
11 75
173 75
313 75
364 75
365 75
529 75
790 75
1004 75
1034 75
1115 75
1143 75
1182 75
1209 75
1529 75
1665 75
1710 75
1802 75
1908 75
1949 75
1990 75
2034 75
2074 75
2218 75
2336 75
2436 75
2762 75
2780 75
40 74
368 74
462 74
538 74
613 74
741 74
928 74
1929 74
2007 74
2029 74
2243 74
2427 74
2516 74
2573 74
2624 74
143 73
495 73
572 73
649 73
669 73
905 73
921 73
931 73
1021 73
1085 73
1140 73
1154 73
1264 73
1268 73
1298 73
1324 73
1357 73
1361 73
1600 73
1618 73
2159 73
2178 73
2205 73
2319 73
2479 73
2598 73
2659 73
2863 73
2951 73
133 72
154 72
226 72
300 72
483 72
610 72
731 72
806 72
992 72
1152 72
1301 72
1392 72
1422 72
1443 72
1514 72
1522 72
1735 72
1762 72
1873 72
1946 72
2053 72
2106 72
2152 72
2264 72
2453 72
2530 72
2745 72
2753 72
2839 72
108 71
200 71
210 71
223 71
258 71
261 71
402 71
434 71
525 71
531 71
623 71
765 71
828 71
920 71
940 71
981 71
1015 71
1325 71
1431 71
1589 71
1592 71
1646 71
1688 71
1736 71
1744 71
1853 71
1874 71
1923 71
1926 71
1942 71
2082 71
2392 71
2455 71
2522 71
2601 71
2666 71
2778 71
2867 71
2873 71
161 70
196 70
246 70
430 70
451 70
537 70
591 70
627 70
939 70
1005 70
1031 70
1077 70
1342 70
1516 70
1644 70
1785 70
1930 70
1983 70
1988 70
2015 70
2022 70
2501 70
2513 70
2526 70
2532 70
2695 70
2786 70
2842 70
2862 70
2892 70
2919 70
2934 70
112 69
153 69
214 69
305 69
309 69
332 69
578 69
656 69
895 69
914 69
950 69
1083 69
1122 69
1153 69
1179 69
1185 69
1309 69
1454 69
1761 69
2043 69
2158 69
2286 69
2382 69
2671 69
2682 69
2724 69
2823 69
2858 69
2900 69
2980 69
42 68
102 68
642 68
699 68
953 68
961 68
1120 68
1292 68
1304 68
1329 68
1565 68
1643 68
2039 68
2078 68
2101 68
2297 68
2375 68
2399 68
2507 68
2565 68
2590 68
2769 68
2774 68
2972 68
248 67
267 67
722 67
852 67
861 67
908 67
948 67
1018 67
1088 67
1246 67
1475 67
1544 67
1681 67
1741 67
1777 67
2162 67
2291 67
2481 67
2664 67
2849 67
2973 67
5 66
193 66
234 66
270 66
705 66
732 66
784 66
891 66
958 66
1009 66
1176 66
1484 66
1488 66
1489 66
1780 66
1911 66
1952 66
1963 66
1987 66
2030 66
2109 66
2138 66
2346 66
2400 66
2534 66
2552 66
2558 66
2582 66
2631 66
2700 66
2876 66
2878 66
2930 66
2992 66
6 65
27 65
65 65
123 65
182 65
191 65
387 65
453 65
510 65
562 65
603 65
748 65
749 65
1070 65
1127 65
1184 65
1230 65
1590 65
1680 65
1743 65
1758 65
1945 65
1991 65
2058 65
2206 65
2244 65
2406 65
2472 65
2500 65
2707 65
2810 65
2943 65
2989 65
49 64
239 64
372 64
409 64
428 64
514 64
654 64
698 64
906 64
919 64
925 64
968 64
1118 64
1217 64
1236 64
1237 64
1240 64
1687 64
1835 64
1843 64
1924 64
1982 64
2220 64
2271 64
2273 64
2293 64
2354 64
2952 64
2967 64
37 63
164 63
316 63
352 63
360 63
645 63
775 63
793 63
813 63
868 63
1052 63
1113 63
1338 63
1401 63
1426 63
1435 63
1602 63
1630 63
1673 63
1776 63
1959 63
2149 63
2224 63
2301 63
2414 63
2658 63
2681 63
2738 63
2991 63
15 62
169 62
301 62
347 62
500 62
555 62
564 62
711 62
774 62
795 62
956 62
1011 62
1081 62
1146 62
1159 62
1303 62
1391 62
1568 62
1631 62
1633 62
1893 62
2061 62
2092 62
2143 62
2190 62
2214 62
2308 62
2373 62
2417 62
2420 62
2539 62
2556 62
2630 62
2688 62
2715 62
2718 62
2832 62
2870 62
45 61
134 61
206 61
432 61
487 61
597 61
804 61
997 61
1055 61
1105 61
1299 61
1458 61
1575 61
1619 61
1695 61
1709 61
1782 61
2167 61
2226 61
2389 61
2533 61
2562 61
2696 61
2857 61
2898 61
188 60
468 60
532 60
839 60
851 60
994 60
1037 60
1132 60
1162 60
1306 60
1327 60
1353 60
1450 60
1451 60
1472 60
1576 60
1581 60
1675 60
1836 60
1869 60
2093 60
2465 60
2578 60
2633 60
2860 60
2866 60
20 59
59 59
322 59
406 59
635 59
715 59
725 59
769 59
965 59
1019 59
1064 59
1086 59
1201 59
1212 59
1395 59
1569 59
1608 59
1702 59
1740 59
1801 59
2240 59
2385 59
2805 59
55 58
83 58
109 58
277 58
476 58
484 58
494 58
501 58
528 58
536 58
543 58
544 58
625 58
639 58
684 58
810 58
912 58
1227 58
1319 58
1356 58
1463 58
1572 58
2026 58
2079 58
2157 58
2256 58
2295 58
2440 58
2493 58
2596 58
2837 58
2957 58
122 57
131 57
405 57
1053 57
1172 57
1203 57
1215 57
1238 57
1358 57
1722 57
1774 57
1788 57
1789 57
1984 57
2010 57
2150 57
2381 57
2467 57
2486 57
2940 57
21 56
91 56
97 56
176 56
327 56
353 56
414 56
477 56
717 56
842 56
976 56
1038 56
1108 56
1163 56
1266 56
1336 56
1369 56
1520 56
1562 56
1570 56
1571 56
1658 56
1858 56
1877 56
1964 56
2052 56
2088 56
2175 56
2262 56
2281 56
2445 56
2460 56
2497 56
2793 56
2843 56
2958 56
140 55
147 55
238 55
390 55
421 55
624 55
760 55
890 55
901 55
1082 55
1101 55
1138 55
1151 55
1267 55
1314 55
1470 55
1606 55
1718 55
1809 55
2184 55
2384 55
2495 55
2574 55
2612 55
2731 55
2787 55
2811 55
2935 55
2963 55
2974 55
32 54
43 54
391 54
448 54
507 54
571 54
792 54
798 54
845 54
960 54
991 54
1048 54
1165 54
1330 54
1372 54
1466 54
1615 54
1805 54
1830 54
1933 54
2173 54
2204 54
2219 54
2289 54
2312 54
2338 54
2489 54
2792 54
2856 54
10 53
19 53
39 53
44 53
255 53
354 53
426 53
542 53
761 53
785 53
818 53
973 53
982 53
1061 53
1177 53
1370 53
1856 53
1914 53
1980 53
2013 53
2145 53
2179 53
2361 53
2395 53
2566 53
2597 53
2807 53
2809 53
2936 53
80 52
103 52
106 52
220 52
227 52
459 52
503 52
540 52
672 52
689 52
811 52
826 52
888 52
923 52
1247 52
1308 52
1312 52
1352 52
1382 52
1386 52
1517 52
1887 52
1937 52
2168 52
2192 52
2196 52
2248 52
2443 52
2499 52
2726 52
2798 52
2907 52
2955 52
155 51
318 51
379 51
523 51
524 51
900 51
1142 51
1213 51
1235 51
1254 51
1388 51
1424 51
1479 51
1537 51
1635 51
1833 51
1855 51
1973 51
2027 51
2083 51
2120 51
2185 51
2442 51
2512 51
2591 51
2747 51
2818 51
2851 51
2871 51
2928 51
2948 51
12 50
88 50
174 50
265 50
388 50
400 50
481 50
527 50
719 50
808 50
1017 50
1074 50
1191 50
1257 50
1405 50
1407 50
1411 50
1531 50
1727 50
1950 50
1977 50
2018 50
2019 50
2046 50
2130 50
2277 50
2313 50
2463 50
2515 50
2527 50
2604 50
2609 50
2679 50
13 49
75 49
94 49
148 49
150 49
212 49
272 49
358 49
511 49
520 49
580 49
773 49
999 49
1147 49
1271 49
1371 49
1510 49
1603 49
1664 49
1814 49
1915 49
1935 49
1958 49
2059 49
2195 49
2376 49
2407 49
2457 49
2471 49
2529 49
2580 49
2689 49
2897 49
156 48
171 48
254 48
363 48
466 48
969 48
1093 48
1175 48
1432 48
1686 48
1750 48
1895 48
1920 48
1975 48
2237 48
2284 48
2305 48
2368 48
2439 48
2478 48
2572 48
2916 48
241 47
253 47
279 47
343 47
380 47
589 47
666 47
1002 47
1279 47
1280 47
1326 47
1527 47
1593 47
1705 47
1799 47
1940 47
2009 47
2155 47
2193 47
2197 47
2246 47
2337 47
2387 47
2498 47
2668 47
2680 47
2808 47
2859 47
2885 47
29 46
278 46
504 46
560 46
799 46
823 46
1164 46
1232 46
1273 46
1765 46
1866 46
1941 46
2006 46
2070 46
2103 46
2200 46
2228 46
2551 46
2600 46
2641 46
2650 46
2656 46
2704 46
2829 46
2872 46
2946 46
38 45
120 45
217 45
236 45
274 45
349 45
361 45
367 45
374 45
375 45
383 45
455 45
681 45
727 45
815 45
836 45
1036 45
1046 45
1076 45
1078 45
1595 45
1734 45
1775 45
1919 45
2024 45
2210 45
2269 45
2402 45
2511 45
2615 45
2713 45
2902 45
2911 45
14 44
146 44
247 44
416 44
492 44
604 44
622 44
691 44
729 44
1155 44
1192 44
1444 44
1481 44
1530 44
1730 44
1806 44
1962 44
2090 44
2110 44
2160 44
2230 44
2283 44
2525 44
2669 44
2804 44
2841 44
2847 44
2932 44
48 43
60 43
95 43
165 43
195 43
341 43
456 43
545 43
547 43
548 43
701 43
746 43
840 43
867 43
1183 43
1228 43
1669 43
1690 43
1706 43
1711 43
1849 43
1896 43
1995 43
2073 43
2104 43
2174 43
2233 43
2245 43
2288 43
2540 43
2626 43
2706 43
2822 43
2838 43
2944 43
4 42
162 42
370 42
408 42
478 42
486 42
551 42
593 42
876 42
1199 42
1318 42
1379 42
1380 42
1403 42
1439 42
1509 42
1728 42
1753 42
1763 42
1783 42
1798 42
1947 42
2116 42
2169 42
2258 42
2280 42
2323 42
2477 42
2653 42
2720 42
2758 42
2803 42
2937 42
98 41
186 41
413 41
535 41
552 41
678 41
706 41
739 41
778 41
864 41
903 41
909 41
916 41
922 41
1027 41
1110 41
1130 41
1189 41
1316 41
1456 41
1477 41
1907 41
1938 41
2014 41
2042 41
2057 41
2111 41
2292 41
2429 41
2619 41
2660 41
2699 41
2737 41
2827 41
2840 41
52 40
99 40
126 40
190 40
208 40
283 40
289 40
302 40
393 40
398 40
636 40
720 40
910 40
911 40
1023 40
1067 40
1433 40
1480 40
1491 40
1492 40
1536 40
1541 40
1655 40
1790 40
1881 40
1966 40
2142 40
2328 40
2359 40
2401 40
2521 40
2640 40
2654 40
2673 40
2703 40
2757 40
2795 40
2947 40
2964 40
166 39
331 39
394 39
444 39
493 39
614 39
617 39
780 39
902 39
1079 39
1092 39
1194 39
1381 39
1504 39
1699 39
1851 39
1878 39
1880 39
1972 39
2001 39
2071 39
2349 39
2366 39
2403 39
2697 39
2739 39
2982 39
50 38
116 38
118 38
314 38
558 38
782 38
879 38
883 38
1054 38
1243 38
1281 38
1334 38
1611 38
1678 38
1749 38
1818 38
1927 38
1954 38
2075 38
2127 38
2326 38
2430 38
2482 38
2543 38
2545 38
2702 38
2723 38
2777 38
2820 38
2835 38
2905 38
2961 38
17 37
262 37
275 37
282 37
295 37
442 37
480 37
1288 37
1300 37
1363 37
1446 37
1513 37
1612 37
1682 37
1731 37
1795 37
1905 37
2040 37
2259 37
2261 37
2304 37
2509 37
2651 37
2789 37
2821 37
70 36
132 36
149 36
266 36
286 36
373 36
482 36
697 36
700 36
735 36
995 36
998 36
1090 36
1234 36
1546 36
1609 36
1817 36
1872 36
2146 36
2327 36
2350 36
2523 36
2649 36
2744 36
2895 36
2899 36
2915 36
34 35
64 35
197 35
435 35
585 35
609 35
753 35
759 35
898 35
971 35
1075 35
1543 35
1586 35
1659 35
1723 35
1732 35
1739 35
1811 35
1862 35
1934 35
2038 35
2098 35
2398 35
2448 35
2547 35
2610 35
2676 35
2712 35
2717 35
2969 35
2987 35
145 34
172 34
296 34
401 34
693 34
824 34
889 34
945 34
972 34
1111 34
1360 34
1579 34
1757 34
2025 34
2084 34
2252 34
2263 34
2735 34
2779 34
68 33
189 33
441 33
508 33
574 33
646 33
655 33
754 33
783 33
878 33
1116 33
1134 33
1206 33
1667 33
1684 33
1685 33
1726 33
1752 33
1820 33
1883 33
1913 33
2108 33
2117 33
2186 33
2452 33
2620 33
2719 33
2784 33
2908 33
2962 33
204 32
259 32
260 32
475 32
518 32
519 32
521 32
557 32
575 32
581 32
590 32
618 32
787 32
930 32
1039 32
1096 32
1250 32
1322 32
1328 32
1351 32
1429 32
1496 32
1542 32
1594 32
1599 32
1698 32
1759 32
1813 32
2131 32
2266 32
2274 32
2358 32
2372 32
2569 32
2667 32
2728 32
2754 32
2755 32
2775 32
2790 32
2954 32
2983 32
2 31
202 31
224 31
306 31
389 31
567 31
794 31
872 31
984 31
1029 31
1069 31
1252 31
1508 31
1550 31
1754 31
1821 31
1903 31
1997 31
2095 31
2134 31
2194 31
2222 31
2232 31
2260 31
2589 31
2887 31
2906 31
93 30
159 30
219 30
290 30
291 30
321 30
397 30
685 30
822 30
885 30
955 30
966 30
967 30
1012 30
1287 30
1331 30
1347 30
1601 30
1786 30
1837 30
1886 30
1899 30
2028 30
2199 30
2290 30
2347 30
2397 30
2433 30
2721 30
2746 30
2785 30
2999 30
104 29
225 29
454 29
584 29
752 29
812 29
975 29
1126 29
1384 29
1848 29
1918 29
1960 29
2048 29
2166 29
2253 29
2333 29
2446 29
2485 29
2555 29
2647 29
2750 29
2984 29
100 28
385 28
427 28
559 28
686 28
724 28
751 28
844 28
1080 28
1260 28
1640 28
1714 28
1838 28
1897 28
1916 28
1936 28
2003 28
2096 28
2102 28
2140 28
2234 28
2235 28
2294 28
2377 28
2394 28
2408 28
2441 28
2599 28
2970 28
2995 28
1 27
16 27
417 27
620 27
913 27
915 27
970 27
1022 27
1060 27
1099 27
1187 27
1482 27
1567 27
1628 27
1679 27
1724 27
1822 27
1948 27
1992 27
2021 27
2065 27
2126 27
2164 27
2343 27
2344 27
2508 27
2781 27
2853 27
2890 27
2960 27
170 26
458 26
628 26
653 26
668 26
926 26
964 26
1030 26
1042 26
1065 26
1263 26
1274 26
1277 26
1400 26
1414 26
1511 26
1583 26
1614 26
1672 26
1796 26
1978 26
2036 26
2122 26
2303 26
2426 26
2544 26
2638 26
2743 26
2799 26
2904 26
2971 26
87 25
175 25
244 25
268 25
304 25
337 25
342 25
445 25
566 25
602 25
766 25
817 25
831 25
884 25
896 25
938 25
985 25
1084 25
1197 25
1245 25
1248 25
1253 25
1311 25
1320 25
1374 25
1502 25
1591 25
1760 25
2064 25
2203 25
2363 25
2422 25
2510 25
2690 25
51 24
62 24
151 24
449 24
583 24
592 24
670 24
730 24
791 24
886 24
993 24
1166 24
1387 24
1649 24
1720 24
1810 24
1846 24
1889 24
1932 24
1974 24
2037 24
2135 24
2170 24
2180 24
2217 24
2242 24
2255 24
2272 24
2321 24
2351 24
2836 24
2854 24
35 23
71 23
139 23
323 23
362 23
554 23
737 23
747 23
962 23
1098 23
1135 23
1389 23
1449 23
1519 23
1563 23
1564 23
1620 23
2051 23
2081 23
2148 23
2241 23
2386 23
2396 23
2437 23
2560 23
2563 23
2644 23
2877 23
2950 23
312 22
338 22
348 22
371 22
750 22
770 22
801 22
862 22
880 22
957 22
1014 22
1068 22
1123 22
1224 22
1345 22
1689 22
1772 22
2049 22
2447 22
2476 22
2602 22
2727 22
2826 22
2848 22
2889 22
213 21
299 21
404 21
452 21
576 21
637 21
644 21
694 21
929 21
1180 21
1198 21
1465 21
1808 21
1865 21
1968 21
2050 21
2063 21
2247 21
2868 21
2886 21
2918 21
2981 21
22 20
264 20
284 20
336 20
350 20
419 20
450 20
474 20
598 20
621 20
665 20
728 20
805 20
850 20
933 20
937 20
974 20
996 20
1007 20
1013 20
1059 20
1202 20
1317 20
1343 20
1558 20
1561 20
1577 20
1610 20
1645 20
1648 20
1660 20
1751 20
1816 20
1898 20
1956 20
2044 20
2089 20
2345 20
2475 20
2506 20
2520 20
2549 20
2815 20
107 19
115 19
129 19
177 19
357 19
479 19
682 19
827 19
848 19
881 19
897 19
1136 19
1393 19
1471 19
1474 19
1499 19
1548 19
1553 19
1605 19
1634 19
1641 19
1676 19
1825 19
2105 19
2136 19
2267 19
2369 19
2412 19
2434 19
2461 19
2567 19
2772 19
18 18
31 18
194 18
326 18
345 18
530 18
577 18
664 18
755 18
779 18
1121 18
1161 18
1214 18
1310 18
1441 18
1483 18
1503 18
1523 18
1697 18
1815 18
1832 18
1909 18
1955 18
2342 18
2418 18
2438 18
2483 18
2502 18
2701 18
2710 18
2953 18
2978 18
58 17
92 17
128 17
308 17
311 17
568 17
677 17
835 17
918 17
1112 17
1210 17
1556 17
1670 17
1882 17
1998 17
2068 17
2080 17
2171 17
2450 17
2581 17
2729 17
2833 17
2834 17
46 16
381 16
541 16
633 16
744 16
944 16
952 16
959 16
1008 16
1072 16
1270 16
1716 16
1729 16
1738 16
1755 16
1850 16
1857 16
1931 16
2000 16
2172 16
2254 16
2329 16
2503 16
2584 16
2788 16
2796 16
2939 16
61 15
69 15
340 15
386 15
395 15
463 15
1047 15
1119 15
1211 15
1457 15
1459 15
1598 15
1845 15
2147 15
2201 15
2216 15
2257 15
2278 15
2279 15
2391 15
2423 15
2480 15
2637 15
2645 15
2686 15
110 14
142 14
237 14
355 14
498 14
659 14
1010 14
1241 14
1373 14
1455 14
1701 14
1868 14
1871 14
1900 14
1910 14
1976 14
2296 14
2315 14
2316 14
2378 14
2464 14
2469 14
2504 14
2670 14
2708 14
101 13
163 13
329 13
425 13
738 13
789 13
1148 13
1196 13
1204 13
1233 13
1285 13
1296 13
1390 13
1442 13
1445 13
1876 13
2055 13
2099 13
2153 13
2421 13
2517 13
2593 13
2674 13
2800 13
2966 13
74 12
79 12
167 12
281 12
288 12
403 12
723 12
1033 12
1350 12
1375 12
1383 12
1596 12
1626 12
1654 12
1852 12
1891 12
1939 12
2129 12
2239 12
2607 12
2608 12
2764 12
2766 12
257 11
319 11
866 11
980 11
1001 11
1024 11
1028 11
1071 11
1622 11
1683 11
1733 11
1804 11
1819 11
1989 11
2072 11
2139 11
2311 11
2356 11
2360 11
2362 11
2470 11
2491 11
2628 11
2634 11
2760 11
2894 11
2923 11
2965 11
325 10
384 10
588 10
657 10
662 10
869 10
1049 10
1349 10
1385 10
1438 10
1533 10
1584 10
1721 10
1781 10
2207 10
2548 10
2588 10
2632 10
2794 10
2865 10
26 9
158 9
443 9
565 9
640 9
762 9
1057 9
1129 9
1173 9
1242 9
1409 9
1560 9
1653 9
2069 9
2270 9
2456 9
2606 9
2677 9
24 8
178 8
221 8
280 8
297 8
457 8
467 8
539 8
607 8
712 8
718 8
777 8
1050 8
1219 8
1321 8
1494 8
1912 8
1986 8
2041 8
2054 8
2330 8
2413 8
2428 8
2623 8
2685 8
2825 8
2875 8
2938 8
7 7
8 7
187 7
198 7
205 7
287 7
344 7
356 7
534 7
721 7
756 7
1534 7
1551 7
1625 7
1636 7
1661 7
1674 7
1961 7
2249 7
2299 7
2388 7
2409 7
2411 7
2586 7
2648 7
2761 7
2882 7
23 6
121 6
229 6
339 6
497 6
586 6
771 6
776 6
816 6
1125 6
1170 6
1399 6
1526 6
1552 6
1771 6
1854 6
1864 6
1943 6
2032 6
2187 6
2357 6
2466 6
2490 6
2613 6
2714 6
2768 6
2812 6
36 5
54 5
66 5
86 5
245 5
292 5
436 5
569 5
629 5
1016 5
1020 5
1229 5
1434 5
1464 5
1549 5
1638 5
1704 5
1769 5
1793 5
2119 5
2128 5
2202 5
2209 5
2317 5
2322 5
2340 5
2367 5
2374 5
2487 5
2535 5
2538 5
2592 5
2806 5
179 4
201 4
377 4
600 4
648 4
767 4
802 4
825 4
977 4
1006 4
1104 4
1139 4
1178 4
1258 4
1262 4
1404 4
1493 4
1524 4
1677 4
1770 4
1794 4
1840 4
1906 4
1944 4
1967 4
2011 4
2133 4
2314 4
2320 4
2393 4
2570 4
2657 4
2687 4
2691 4
2741 4
2783 4
2912 4
2929 4
2945 4
2975 4
2985 4
269 3
271 3
317 3
399 3
447 3
582 3
710 3
742 3
757 3
807 3
821 3
983 3
1035 3
1062 3
1106 3
1305 3
1346 3
1412 3
1419 3
1423 3
1461 3
1487 3
1604 3
1778 3
1894 3
2033 3
2191 3
2300 3
2528 3
2537 3
2554 3
2561 3
2595 3
2625 3
2643 3
2672 3
2684 3
2711 3
2734 3
2773 3
2852 3
2874 3
2896 3
2933 3
144 2
307 2
359 2
489 2
674 2
734 2
924 2
932 2
986 2
1032 2
1089 2
1097 2
1208 2
1341 2
1362 2
1430 2
1478 2
1485 2
1540 2
1617 2
1694 2
1756 2
1767 2
1870 2
1917 2
2067 2
2123 2
2324 2
2462 2
2496 2
2629 2
2655 2
2850 2
2869 2
96 1
113 1
199 1
276 1
333 1
496 1
561 1
843 1
1026 1
1041 1
1256 1
1275 1
1378 1
1467 1
1532 1
1792 1
1800 1
1834 1
1892 1
1901 1
2045 1
2113 1
2177 1
2341 1
2435 1
2531 1
2678 1
2732 1
2752 1
2901 1
2903 1
124 0
465 0
515 0
573 0
634 0
673 0
695 0
875 0
941 0
1255 0
1282 0
1368 0
1425 0
1498 0
1535 0
1539 0
1708 0
1719 0
1725 0
2383 0
2505 0
2627 0
2646 0
2813 0
The 2th id = 382
      score = 100
 47
2669 44
2670 14
2671 69
2672 3
2673 40
2674 13
2675 77
2676 35
2677 9
2678 1
2679 50
2680 47
2681 63
2682 69
2683 96
2684 3
2685 8
2686 15
2687 4
2688 62
2689 49
2690 25
2691 4
2692 85
2693 99
2694 79
2695 70
2696 61
2697 39
2698 81
2699 41
2700 66
2701 18
2702 38
2703 40
2704 46
2705 84
2706 43
2707 65
2708 14
2709 97
2710 18
2711 3
2712 35
2713 45
2714 6
2715 62
2716 90
2717 35
2718 62
2719 33
2720 42
2721 30
2722 80
2723 38
2724 69
2725 98
2726 52
2727 22
2728 32
2729 17
2730 91
2731 55
2732 1
2733 94
2734 3
2735 34
2736 80
2737 41
2738 63
2739 39
2740 92
2741 4
2742 88
2743 26
2744 36
2745 72
2746 30
2747 51
2748 87
2749 94
2750 29
2751 88
2752 1
2753 72
2754 32
2755 32
2756 80
2757 40
2758 42
2759 85
2760 11
2761 7
2762 75
2763 95
2764 12
2765 91
2766 12
2767 79
2768 6
2769 68
2770 78
2771 99
2772 19
2773 3
2774 68
2775 32
2776 80
2777 38
2778 71
2779 34
2780 75
2781 27
2782 89
2783 4
2784 33
2785 30
2786 70
2787 55
2788 16
2789 37
2790 32
2791 81
2792 54
2793 56
2794 10
2795 40
2796 16
2797 85
2798 52
2799 26
2800 13
2801 92
2802 82
2803 42
2804 44
2805 59
2806 5
2807 53
2808 47
2809 53
2810 65
2811 55
2812 6
2813 0
2814 84
2815 20
2816 99
2817 79
2818 51
2819 91
2820 38
2821 37
2822 43
2823 69
2824 97
2825 8
2826 22
2827 41
2828 88
2829 46
2830 78
2831 79
2832 62
2833 17
2834 17
2835 38
2836 24
2837 58
2838 43
2839 72
2840 41
2841 44
2842 70
2843 56
2844 81
2845 76
2846 82
2847 44
2848 22
2849 67
2850 2
2851 51
2852 3
2853 27
2854 24
2855 86
2856 54
2857 61
2858 69
2859 47
2860 60
2861 100
2862 70
2863 73
2864 99
2865 10
2866 60
2867 71
2868 21
2869 2
2870 62
2871 51
2872 46
2873 71
2874 3
2875 8
2876 66
2877 23
2878 66
2879 84
2880 82
2881 88
2882 7
2883 91
2884 77
2885 47
2886 21
2887 31
2888 92
2889 22
2890 27
2891 92
2892 70
2893 78
2894 11
2895 36
2896 3
2897 49
2898 61
2899 36
2900 69
2901 1
2902 45
2903 1
2904 26
2905 38
2906 31
2907 52
2908 33
2909 99
2910 98
2911 45
2912 4
2913 82
2914 100
2915 36
2916 48
2917 78
2918 21
2919 70
2920 87
2921 93
2922 97
2923 11
2924 80
2925 99
2926 77
2927 90
2928 51
2929 4
2930 66
2931 90
2932 44
2933 3
2934 70
2935 55
2936 53
2937 42
2938 8
2939 16
2940 57
2941 79
2942 98
2943 65
2944 43
2945 4
2946 46
2947 40
2948 51
2949 78
2950 23
2951 73
2952 64
2953 18
2954 32
2955 52
2956 86
2957 58
2958 56
2959 79
2960 27
2961 38
2962 33
2963 55
2964 40
2965 11
2966 13
2967 64
2968 94
2969 35
2970 28
2971 26
2972 68
2973 67
2974 55
2975 4
2976 84
2977 92
2978 18
2979 99
2980 69
2981 21
2982 39
2983 32
2984 29
2985 4
2986 87
2987 35
2988 99
2989 65
2990 95
2991 63
2992 66
2993 81
2994 90
2995 28
2996 97
2997 94
2998 79
2999 30
3000 79
