1 11
2 75
3 51
4 55
5 19
6 100
7 59
8 99
9 21
10 16
11 40
12 88
13 55
14 11
15 95
16 63
17 62
18 31
19 69
20 31
21 28
22 44
23 52
24 5
25 87
26 38
27 22
28 47
29 45
30 62
31 38
32 100
33 25
34 94
35 3
36 81
37 75
38 42
39 2
40 99
41 72
42 38
43 28
44 13
45 45
46 88
47 64
48 74
49 85
50 58
51 80
52 63
53 86
54 91
55 9
56 1
57 37
58 54
59 39
60 22
61 7
62 40
63 9
64 64
65 9
66 7
67 85
68 79
69 44
70 87
71 30
72 48
73 77
74 47
75 90
76 62
77 39
78 87
79 22
80 60
81 1
82 20
83 99
84 40
85 1
86 61
87 46
88 20
89 43
90 27
91 69
92 29
93 73
94 44
95 51
96 28
97 48
98 16
99 87
100 10